RuntimeError: module compiled against API version 0xe but this version of numpy is 0xd
2024-06-21 15:17:54.812909: I tensorflow/stream_executor/platform/default/dso_loader.cc:53] Successfully opened dynamic library libcudart.so.11.0
Submitted batch job 23505591
Submitted batch job 23505593
Submitted batch job 23505592
Submitted batch job 23505594
Submitted batch job 23505596
Submitted batch job 23505595
Submitted batch job 23505597
Submitted batch job 23505598
Submitted batch job 23505599
Submitted batch job 23505600
/home/yuefengpeng_umass_edu/miniconda3/envs/all/lib/python3.8/site-packages/sklearn/metrics/_classification.py:1327: UndefinedMetricWarning: Precision is ill-defined and being set to 0.0 due to no predicted samples. Use `zero_division` parameter to control this behavior.
  _warn_prf(average, modifier, msg_start, len(result))
Generate Data...
{'Boundary Attack (HopSkipJump)': [array([0.        , 0.73076923, 0.67647059, 0.68421053, 0.66666667,
       0.64583333, 0.65306122, 0.64814815, 0.64285714, 0.63333333,
       0.64516129, 0.62686567, 0.62318841, 0.64      , 0.62025316,
       0.62195122, 0.63529412, 0.63218391, 0.6344086 , 0.62886598,
       0.63636364, 0.63      , 0.63366337, 0.62745098, 0.625     ,
       0.61320755, 0.60714286, 0.60176991, 0.59130435, 0.58974359,
       0.58474576, 0.575     , 0.57723577, 0.568     , 0.57142857,
       0.55813953, 0.55639098, 0.55970149, 0.55147059, 0.54347826,
       0.53956835, 0.54285714, 0.54929577, 0.55244755, 0.55862069,
       0.56756757, 0.56375839, 0.56666667, 0.56578947, 0.57142857,
       0.57419355, 0.57051282, 0.56962025, 0.57232704, 0.5617284 ,
       0.55621302, 0.5497076 , 0.55232558, 0.54913295, 0.54857143,
       0.54545455, 0.55307263, 0.55      , 0.55248619, 0.54945055,
       0.5       ]), array([0.  , 0.19, 0.23, 0.26, 0.26, 0.31, 0.32, 0.35, 0.36, 0.38, 0.4 ,
       0.42, 0.43, 0.48, 0.49, 0.51, 0.54, 0.55, 0.59, 0.61, 0.63, 0.63,
       0.64, 0.64, 0.65, 0.65, 0.68, 0.68, 0.68, 0.69, 0.69, 0.69, 0.71,
       0.71, 0.72, 0.72, 0.74, 0.75, 0.75, 0.75, 0.75, 0.76, 0.78, 0.79,
       0.81, 0.84, 0.84, 0.85, 0.86, 0.88, 0.89, 0.89, 0.9 , 0.91, 0.91,
       0.94, 0.94, 0.95, 0.95, 0.96, 0.96, 0.99, 0.99, 1.  , 1.  , 1.  ]), array([0.        , 0.3015873 , 0.34328358, 0.37681159, 0.37410072,
       0.41891892, 0.4295302 , 0.45454545, 0.46153846, 0.475     ,
       0.49382716, 0.50299401, 0.50887574, 0.54857143, 0.54748603,
       0.56043956, 0.58378378, 0.58823529, 0.61139896, 0.61928934,
       0.63316583, 0.63      , 0.63681592, 0.63366337, 0.6372549 ,
       0.63106796, 0.64150943, 0.63849765, 0.63255814, 0.6359447 ,
       0.63302752, 0.62727273, 0.6367713 , 0.63111111, 0.63716814,
       0.62882096, 0.63519313, 0.64102564, 0.63559322, 0.6302521 ,
       0.62761506, 0.63333333, 0.6446281 , 0.65020576, 0.66122449,
       0.67741935, 0.6746988 , 0.68      , 0.68253968, 0.69291339,
       0.69803922, 0.6953125 , 0.69767442, 0.7027027 , 0.69465649,
       0.69888476, 0.69372694, 0.69852941, 0.6959707 , 0.69818182,
       0.69565217, 0.70967742, 0.70714286, 0.71174377, 0.70921986,
       0.66666667]), array([0.  , 0.19, 0.23, 0.26, 0.26, 0.31, 0.32, 0.35, 0.36, 0.38, 0.4 ,
       0.42, 0.43, 0.48, 0.49, 0.51, 0.54, 0.55, 0.59, 0.61, 0.63, 0.63,
       0.64, 0.64, 0.65, 0.65, 0.68, 0.68, 0.68, 0.69, 0.69, 0.69, 0.71,
       0.71, 0.72, 0.72, 0.74, 0.75, 0.75, 0.75, 0.75, 0.76, 0.78, 0.79,
       0.81, 0.84, 0.84, 0.85, 0.86, 0.88, 0.89, 0.89, 0.9 , 0.91, 0.91,
       0.94, 0.94, 0.95, 0.95, 0.96, 0.96, 0.99, 0.99, 1.  , 1.  , 1.  ]), array([0.  , 0.07, 0.11, 0.12, 0.13, 0.17, 0.17, 0.19, 0.2 , 0.22, 0.22,
       0.25, 0.26, 0.27, 0.3 , 0.31, 0.31, 0.32, 0.34, 0.36, 0.36, 0.37,
       0.37, 0.38, 0.39, 0.41, 0.44, 0.45, 0.47, 0.48, 0.49, 0.51, 0.52,
       0.54, 0.54, 0.57, 0.59, 0.59, 0.61, 0.63, 0.64, 0.64, 0.64, 0.64,
       0.64, 0.64, 0.65, 0.65, 0.66, 0.66, 0.66, 0.67, 0.68, 0.68, 0.71,
       0.75, 0.77, 0.77, 0.78, 0.79, 0.8 , 0.8 , 0.81, 0.81, 0.82, 1.  ]), 0.635, 0.66005]}
acc | auc 0.635 0.66005
0.7307692307692307
Save all precision and recall...
